28,11
28,10
28,9
28,8
28,7
28,6
28,5
4294967278,355
4294967294,413
42,13
42,12
42,11
42,10
42,9
42,5
42,8
42,7
42,6
42,4
42,3
42,2
42,1
41,10
41,9
41,8
41,7
41,6
41,5
41,4
41,3
41,2
41,1
40,35
40,34
40,33
40,32
40,20
40,31
4294967278,354
40,30
40,29
40,28
40,14
40,27
40,26
40,25
40,24
40,23
4294967278,353
40,22
40,21
40,15
40,19
40,18
40,17
40,16
40,5
40,13
40,12
40,11
40,10
40,9
40,8
40,7
40,6
40,4
40,3
40,2
40,1
39,6
39,5
39,4
39,3
39,2
39,1
38,9
38,8
38,7
38,6
38,5
38,4
38,3
38,2
38,1
4294967294,478
4294967294,1232
4294967294,1227
37,142
4294967278,352
37,141
37,109
37,100
37,108
37,107
37,105
37,106
37,99
37,140
37,139
4294967278,351
37,104
37,138
37,137
37,136
37,103
37,102
4294967278,350
37,135
37,134
37,101
37,98
37,133
37,132
37,73
37,71
37,97
37,93
37,131
37,96
37,55
37,95
37,31
37,130
37,94
37,53
37,129
37,83
37,128
37,92
37,19
37,91
37,50
37,90
37,30
37,89
37,20
37,88
37,87
37,46
37,86
37,52
37,85
37,17
37,84
37,47
37,75
37,82
37,45
37,81
37,80
37,48
37,79
37,27
37,78
37,18
37,77
37,76
37,69
37,74
37,28
37,58
37,72
37,56
37,70
37,66
37,68
37,67
37,62
37,65
37,64
37,63
37,59
37,61
37,60
37,49
37,36
37,57
37,35
37,54
37,51
37,42
37,44
37,43
37,39
37,41
37,40
37,32
37,38
37,37
37,22
37,21
37,34
37,33
37,25
37,29
37,26
37,16
37,24
37,23
37,8
37,7
37,6
37,13
37,15
37,14
37,12
37,5
37,11
37,10
37,9
37,4
37,3
37,2
37,1
36,139
36,138
36,137
4294967279,362
36,136
36,75
36,73
36,135
36,134
36,133
4294967279,361
36,132
36,74
36,56
36,131
36,70
36,130
36,72
36,52
36,129
4294967279,360
36,128
36,71
36,55
36,69
4294967279,359
36,68
36,67
36,66
36,38
36,39
36,65
36,64
36,13
36,63
36,37
36,62
36,24
36,61
36,36
36,60
36,59
36,22
36,58
36,12
36,57
4294967279,358
36,41
36,48
36,54
36,53
36,34
36,51
4294967279,357
36,50
36,49
36,43
36,47
36,46
4294967279,356
36,45
36,44
36,30
36,42
36,19
36,40
36,35
36,26
36,33
36,32
36,31
36,23
36,29
36,28
36,27
36,25
36,17
36,21
36,20
36,18
36,5
36,16
36,6
36,15
36,14
36,7
36,11
36,10
36,9
36,8
36,4
36,3
36,2
36,1
35,4
35,3
35,2
35,1
4294967294,1040
34,26
34,25
34,12
34,24
34,23
34,17
4294967279,355
34,22
34,21
34,20
34,16
34,19
4294967279,354
34,18
34,14
34,15
34,13
34,5
34,11
34,6
34,10
4294967279,353
34,9
34,8
34,7
4294967279,352
4294967279,351
34,4
34,3
34,2
34,1
4294967279,350
22,15
22,14
22,13
22,12
22,11
22,10
22,9
22,8
22,7
22,6
33,4
33,3
33,2
33,1
32,4
32,3
32,2
32,1
31,4
31,3
31,2
31,1
30,4
30,3
30,2
30,1
29,4
29,3
29,2
29,1
28,4
28,3
28,2
28,1
22,5
27,4
27,3
27,2
27,1
26,4
26,3
26,2
26,1
25,4
25,3
25,2
25,1
24,4
24,3
24,2
24,1
23,4
23,3
23,2
23,1
22,4
22,3
22,2
22,1
21,8
21,7
21,6
21,5
21,4
21,3
21,2
21,1
4294967279,349
20,20
4294967278,349
20,19
4294967278,348
20,18
20,17
20,16
20,10
20,15
20,11
4294967278,347
20,14
20,13
4294967278,346
20,12
20,5
20,9
4294967278,345
20,8
20,7
20,6
4294967278,344
20,4
20,3
20,2
20,1
4294967278,343
4294967278,342
19,20
19,19
19,18
19,17
19,16
19,5
19,15
19,14
19,13
19,12
19,11
19,10
19,9
19,8
4294967278,341
19,7
19,6
19,4
19,3
19,2
19,1
4294967294,477
18,11
18,10
18,9
18,8
4294967279,348
4294967279,347
